44972670
46438434
31526812
66235070
29627857
37889898
19513772
60520487
62415321
44685674
17774538
27805688
64525160
53377505
73807770
29851840
42035637
61794068
31497042
98711403
82842113
46228214
79764084
41321520
15318364
70858880
16574473
47839581
83561126
68077679
86237764
28533796
14516113
17764576
83657755
33032859
44543364
92060417
82442236
95847574
36746091
89105663
23653263
90160141
42483169
86349922
20011981
73407696
48143991
40397912
72119099
30986105
75515016
51883184
61196514
79722269
22742064
66659877
27561851
95192079
34737556
13799616
23725876
38142559
20453082
96272520
60064308
53885336
88332937
42506544
49732910
25079029
31612208
62275063
15239170
62984266
48624985
24140041
36391963
85657866
53426843
97399951
16643971
28941860
49283135
66729375
97553019
60914088
33389252
25114871
56106168
57015698
27803377
68720933
84047146
37145348
64993454
44111454
79919573
53326392
75506888
29652484
67294310
96007985
80816436
71422370
58992252
29441422
84451301
84273104
15099289
37878144
81673056
20632149
55708894
30956192
76250414
53261914
80759170
98528555
67265674
36865338
55544253
83957940
94475161
39591400
21103289
59468616
72591744
89911752
12795008
48098632
19564237
68978208
44106618
89269563
40400579
91987759
18710986
24851880
76260864
22699164
51618914
57933921
32220203
96216697
77779002
97359506
49478611
58538172
95888061
16744286
84292399
51432315
89591116
78767561
79912604
99583295
38236177
52504348
89495048
39920074
89491870
97948174
97787172
33598488
87217738
38187751
25586248
94817613
51928520
90736001
17516778
92436324
48669922
38625870
88653021
26448925
35985376
38131633
73875986
31873438
43764808
58168386
72194642
33355925
36935948
52107247
32939220
64061014
93500484
22434268
92869978
82992355
20382443
90657151
16590843
96489070
28844902
31065980
91306684
69662312
21801982
97712351
62098636
59360794
36338222
50751658
74698608
61212487
77772180
48574595
81974814
21536989
95631870
54169457
43781804
32567818
95165593
65609913
85517722
88666078
76933071
78387700
71658433
86204403
69044851
77138166
82693474
86778643
97093035
74000159
56440955
18895018
71712510
18539592
67144701
96939622
58180139
41843310
58152109
35952320
79306794
40126924
46378199
74938665
83185271
79048892
96395373
78350865
44658805
81913095
67016943
21591877
60300796
38675377
96685170
29345648
15813543
79378644
16124292
12906579
53378803
61454136
20690486
25091314
68882618
76724077
22030936
27062758
18567388
69071935
51903967
86763071
98087749
87171055
61701737
81273020
66219947
58097110
59623885
99767642
40010206
26640829
21359520
89199891
54205096
18044690
18545540
58907529
86312223
23558721
60702998
39691027
73901747
70282374
53671231
42784365
47006451
64591057
58736012
54462729
33662993
99528869
41225800
31750743
86699924
91816427
13023763
52919872
49913537
61536538
52687515
78812632
77066257
62935924
68012524
31271353
69869503
75446953
79067772
56181727
87894563
39770770
84761644
61796310
98942033
38432876
93469565
45948485
91912823
52205578
89300103
25575817
51734447
30525904
46215449
38434372
22342331
48128102
80243133
61144758
98553529
32930649
39957391
75619786
84755462
96858805
95780029
54624966
72305758
74847801
99695583
60200322
14618572
84457228
21996633
13560605
22890104
15466198
48397980
14802928
56560666
37698083
29267634
97184002
57112877
64371973
35618374
68344098
12500075
15861508
29488856
99942493
37681046
58335137
75562280
22436509
55193942
71342310
65950364
27499701
46190112
65645948
76588912
49697573
50103176
87474435
52147067
61882170
91829523
89433937
65573988
48390189
27132020
83730511
45574191
73133787
48102485
70081455
41477885
49491449
74831852
59855631
49433943
12512899
18190768
24996224
23838297
62273600
85227423
78677551
78662190
31417535
44323499
55251103
70003998
83315564
42725538
22151065
45197735
34555061
11585003
99660612
71834139
27605913
83391124
17408331
89628589
31493609
76378676
31106474
69873947
51210528
79850995
19307891
52612316
86930653
33193004
65339502
49204253
18420428
44017054
27866443
38726852
77229442
72006436
97619739
60545007
14731974
19770805
94631631
38175925
20244698
94292243
98898954
36739500
77683368
16307286
26368089
98065866
81574851
46363453
67939814
32785379
26214448
76136594
74286585
13145101
98218487
39626088
51238244
16638915
72532031
67993577
44254657
49761473
40000013
41874397
99195370
43620877
50534092
93827001
70685691
59667679
88119245
69584646
85296068
65802613
74780821
11664158
63868480
56355672
46916500
31808294
78029941
62019838
96833777
52316526
64053829
95052265
80831504
15292073
11691181
53363535
72174540
44834728
92013898
12174553
75598015
91209269
44684320
26132107
85036270
15370012
74688676
73155516
73843547
59984745
38958130
48624369
60537792
91715499
93868931
96343181
23523793
71898872
58363020
20357571
24215399
22416849
15409836
93935792
26597812
15989907
47299328
87661241
49713524
39313227
88724684
25311539
30522496
33409004
40332536
15558767
37667905
15021212
77603172
11511453
63894847
16561303
49024711
24432639
97165691
42893643
20775821
20689484
14792515
68027730
29935945
27896804
79333468
34234670
21832597
94820170
39113467
58020814
82481411
77715880
86222931
71206095
91916309
16745427
93503989
32248846
21193084
31171895
36158947
87685146
31572237
88942684
93135338
69485838
13375323
90301029
12379481
23040033
99879403
16060886
79956652
29815349
32846579
59290121
52938908
43568065
54110291
80941265
90477769
36591703
58657146
76700701
96686687
50573455
82335018
90190677
71711190
92416991
21362572
96759027
80102137
41823699
85701711
73237476
11309538
87965924
63538505
12577909
99894846
63417909
17527685
79851499
82122147
39263153
39141621
35061056
71720108
82140802
16002322
62197878
18732505
63548357
38898579
15419193
14121812
21233597
94498760
74721892
13650588
15861332
71480920
82641615
46573920
57182632
55879091
46772348
45148556
19417597
48239146
45043403
71724396
54655720
24894903
53846544
82807763
52925414
77796489
54527872
35066216
82687700
16725750
42687611
46236058
44513218
46995694
49246760
54635705
41494454
23968652
57175183
46244676
84338462
39816798
81707486
41521094
84584779
28479834
75558540
92891266
65607869
20601943
64615662
20263590
34385736
18462206
91960242
76200039
85147585
46488115
11266256
67835286
52102754
42842757
14071345
85504862
78727340
52206994
40140567
20221795
65064535
86204640
55355360
49402998
26021439
37062846
79812981
99495108
54431570
55371521
92386374
20039440
64862354
57002037
29191919
88136980
64353133
21152162
64337019
49500719
56529166
64492165
17336006
97520809
96223811
20296240
83025672
74951152
61392123
23166240
84061837
26456658
98259769
39417197
64748545
24281209
65368933
44561527
23776317
19800503
88821938
16162691
28728832
53684293
62053617
46809641
41821273
26406751
56850692
95047182
64796359
13379859
59539347
71021254
99789558
55763159
80206383
82815230
30714311
41598506
94870360
14776148
56944054
93130129
43082235
21692600
17411339
97340058
55143017
30076545
17140562
43964956
35128125
34758284
86538138
86070632
70456814
28359412
12477384
27307507
23406595
66162632
29576255
71834831
37183886
29365814
27597991
17390270
12181044
47201192
47877666
95940294
50866229
93710610
89070424
82837354
15403210
95370652
80177413
59435117
25447197
86206864
92288962
49464212
20965148
78827101
35534845
80310851
96075402
36901118
96507248
19481997
91952639
26083504
80205718
29136526
44338207
96692598
35415686
45408141
43893790
72182241
41348435
83648909
65892851
30418859
66486264
70184951
25789511
46663677
29620068
40125598
32870541
21909031
78478699
42724579
89625021
14013544
23035431
85700423
39803552
19542679
94071310
31756192
34515072
74277028
49781608
67742169
70969627
74086183
13150310
14863418
46268425
43387634
87401217
12161277
62695382
53887482
71235117
77373783
89440048
89744075
17499381
22310590
11653106
84866970
53924059
90167017
87769404
65848379
75867440
27572956
74279948
69938751
48218038
97683910
44215779
86888535
65426079
15185407
60974719
67465278
18937715
96132033
99741802
95227821
97182199
62437184
49115303
68417317
39810968
38555352
58161393
46199238
49754832
58703389
31066208
92567780
48870406
18835613
58416159
24737847
35297458
32696107
83565487
72404385
30380017
27781267
59292921
84694986
31855563
20267640
52160264
39682167
16399673
51902066
34909989
13581873
14339251
72914182
70888080
43039109
11469534
29049473
78127237
50113255
76641752
98082335
42681035
25512158
16917948
89986083
39138894
41104295
22682191
22704381
13508681
41951098
39374538
61690491
26646084
60118990
70847021
67695238
88690047
76135584
19597305
23600036
78606346
22825445
85403107
49494427
54753444
85761531
67432790
32880681
35874786
44074542
30963016
67444711
58475590
36769853
57430795
86503374
66763038
69001876
98096645
69160608
99841863
37471183
30851100
26487947
86479063
90587010
83072075
75169110
66722594
91558269
87658036
45328941
14383715
73061144
83712258
58026048
58822675
51145048
79795618
83586351
84108480
99647523
51031063
42584070
36417377
97350747
29087445
92069304
66352624
27184090
61229913
66194487
53544162
80969903
81571324
40023225
71556913
64643399
15192336
38279508
56201669
91739261
72497339
59474273
64800406
56209598
17500322
23623082
96243535
86184829
96098323
80352016
85832353
47129386
22936087
22249730
44480134
40912421
14319035
99721647
56985401
64437837
65916135
99418453
45407740
47487459
39441679
16964654
12130859
43522904
44133052
57221417
35262166
16630392
16695691
88951461
61728879
23084902
12574544
57972415
98158621
97561756
38324431
83990975
44691143
50149407
95129594
78060167
79950718
98337519
77781815
36936119
62775357
43697951
36354572
97071986
80074300
64685140
14036641
81094048
97096934
47058583
38315466
32359100
52577865
43900047
21310562
14306744
55873839
22773996
61168049
54032460
20335753
88381369
38023435
53915786
38530777
33153030
31975953
18481496
31490549
98646658
44306505
83154795
42344609
69549966
80226782
22418909
34235107
83152313
92401847
31332042
30210897
30717314
52580031
71677651
63506251
62779483
74873285
19380090
74442369
36041335
62301440
83667011
24422704
89213764
37582797
51842371
22366795
58447640
59212757
42746234
57094298
92408151
25901030
88327797
61958118
95016702
99635596
85082115
78169016
92037444
16414157
97268802
22754758
57883078
68946454
75149898
20662562
43819740
83418878
83993820
68749964
45720318
67660831
82061558
34934083
94132517
33903930
46189767
52580157
82005576
77824890
98563345
74413728
92614810
86891142
36371846
87631512
86526739
21453962
65800528
78564183
26757008
63069331
90207830
73528976
32015785
65357729
83080427
64724415
48776608
67074247
33474379
83385815
34735078
15535937
18319898
28867596
38328757
53398555
70336642
20334334
31223446
68899988
83636951
23838256
55791131
20008798
11469769
42317870
30351649
66159186
20882053
45997547
29228518
99978773
19526523
50133192
65336502
91495839
14857608
14113111
58570086
37220876
86387815
82194054
41645703
93596603
99950539
68863350
46995159
70287182
78086573
67107494
39187170
61723524
79834640
83867190
70621211
80193298
26185060
89861750
46352485
35956003
35859297
64469892
35934776
44274710
14603085
90160168
35770549
18349582
93162168
83229525
44459348
79549983
65423579
74993940
73146587
65374119
43857291
20141746
35661301
21943864
76138129
63737361
72556277
55972770
47604551
43177489
36166068
62678501
33039239
71407442
87523393
57787426
35877335
23458169
90951026
39369309
13618337
26721575
46607780
95669394
98839990
79956018
75219378
64263570
54949959
48365966
29637689
87696139
57396601
54187880
98528892
33534731
17925241
71085169
78396390
54418682
14262659
14562459
17097183
36190788
74858790
93509466
82867103
99625015
16967636
73818129
38994324
19474862
89428594
74490994
15144257
88268585
54447012
79252525
52532156
98285860
27618492
71058735
85981999
73903982
25246615
84510892
96327603
32060746
55596062
74723994
75368317
58747610
78175342
81354390
83827287
53034133
74863857
66694391
52659148
80720382
40512521
80542361
89084134
29941116
55033356
93117281
18209702
98369257
72369806
59630747
96655118
88877188
30689482
82637118
62781170
44824987
67148010
59108774
65774622
22744072
33832768
41142940
70380571
12008111
22497331
54207859
53931133
86250077
20902251
95479170
66970459
50303661
76021532
56054594
69133667
31054889
49171875
76232258
29424146
21541682
35863005
26079265
99307759
55441376
97605272
62088930
89155252
64753283
21197704
54929875
76386244
43919361
84961704
46766816
44816362
96347924
89863564
87636384
82598002
99654704
83115555
49568461
49958366
59137088
94511944
19092033
79080866
43683820
84213180
97393902
54114391
20076185
23473167
53422150
64406451
21078440
15511080
53561704
74720612
25597674
97380468
51106856
58405925
82342172
86762562
92111176
78690097
76626127
79747560
61288099
76280832
62863116
99745450
26239198
22000204
94257395
34220120
89969959
37941215
18433301
87363862
80944495
27398376
99725919
34366646
80693716
20804359
38766616
34255421
84413860
53253179
31635889
35520717
11659104
13978062
22283280
92659169
81557048
87798296
72406729
42845148
64079128
35269845
42590599
79207215
46158939
36847994
13427336
36128899
63678099
20749527
23492761
44622595
37036792
23218680
67878130
17730509
32911929
95533635
40874819
17325790
48786815
61399598
41735396
49334808
64266549
52907566
41993977
45823598
40705862
14400707
77557636
93673880
38559442
20148235
72881096
73607270
45885119
75197322
98625058
98452107
84835738
22117820
43074702
21872531
34225389
99841722
28491930
56026208
95375358
58255639
62240887
44162173
19655237
92865173
82385870
72810675
45772739
24379848
18634274
75367491
27669445
85080799
69041371
55117777
94117924
41922467
28725047
40003043
17119789
27350106
38455150
90844416
38356816
70418742
12716948
61471095
70260465
30097767
17497303
65635823
77242295
68627079
98686885
85786422
61492252
81072756
58597097
96153881
94341494
66120261
71521372
22010939
51201061
40562743
66017605
45318985
71374099
83631542
74210917
77382777
99870538
12666068
68227194
38227354
71973700
69833032
88587339
42234165
88819688
94973531
96758877
66061984
63600611
95445763
51848406
25092863
76518520
99334393
21246745
70860014
65454655
81657006
81759843
16655716
22219749
47777449
50863590
82482738
31408992
25074508
59865516
31279530
26629465
28092711
58395774
87492055
86814632
46983113
29726220
75634321
41956645
26485098
41696306
94446145
21930861
82433601
19539009
87338270
81767995
29674643
58198285
47222650
11331649
39958128
52767255
22440288
76624467
92519734
93811916
96922348
17594243
53677433
28201879
33112598
70659033
75486543
20604653
57473666
22469657
39219762
33107987
53315191
54593750
63693183
47761336
65413500
46126784
56189235
52751771
27894780
74752767
99838946
64006319
74973306
39797075
16773575
86302484
16421542
98182199
80114400
13343891
15776442
33791833
30434660
37777929
93339756
94810092
47271471
50813423
17279750
75380123
72810299
59483830
29973874
36503483
96134056
84276263
71519156
52323291
37028035
88302826
27076059
36866981
52309145
90938254
65552945
57971610
77240738
70863377
56153809
57355139
73096157
60819141
80035862
92419706
87485959
73375619
87229799
34757431
24189042
93398438
99026444
85888231
52882269
29000318
22391714
49016326
13276582
82799760
90228507
39193507
71102586
17304566
64949377
23411732
97131710
30502323
70272231
74372449
90254589
26426041
31727589
63350747
76134071
11763451
55770454
63620031
74027959
43000254
87266351
87105890
36398692
86292796
72994121
78169851
15293115
84274724
27186177
17458586
67074484
17414685
45540982
38177071
23608141
99379249
50477692
20739851
29881572
20749924
84001190
20136162
36064854
15728779
72375799
12198926
16381119
28146253
64707846
79297968
60035396
51974198
66403858
85322978
38266994
39397980
63492829
42448998
23672704
79567896
48796474
79636078
85871470
83226345
17813149
98368500
82605595
57179731
19108352
12487168
66818544
91998431
21512219
91772288
96616099
82776907
92860103
12997219
99812050
57567949
81184076
59847447
98431036
47587935
45170425
36698031
75874804
97552144
68035919
88436397
77120041
16832393
68072476
62991512
88947628
74774515
61360013
71553223
31954247
69357254
72929280
87661681
61355686
83330389
79433969
57971785
66107297
72294073
59857894
65919348
29862023
41041970
25766795
28293060
77518794
59826110
53879980
53393599
57378255
21915900
41829996
34498296
27637182
98791362
86378697
16584811
73565878
47738711
77026923
94409014
17095965
49956204
82070695
67340540
33286594
61504665
25312326
88282780
33798738
74059110
54202129
52549651
15101080
68857813
69731600
81508764
28683924
23611581
34902363
74951068
34416370
65621249
98338253
50942442
64412612
84716951
56416142
37978490
32455662
33443066
32387505
38440517
72288159
14458200
94669947
94463643
64851755
19982274
82746423
87539383
82930273
36948552
40089034
86920243
94695255
98709523
68429008
23379179
22321105
92220261
87219136
45626364
57841511
85557390
85457695
22254123
70274342
41873838
49121503
91618894
64205793
70397897
30059412
36493952
73744987
24729359
30957595
38596742
33600522
13704019
26136126
16530796
39541461
55114049
92339928
34236717
53823573
60768937
46504785
65033567
52989198
33723922
99548821
99719598
19281313
85006517
21973722
78444544
26880355
59984114
70063439
79975037
30382012
89011740
16468990
93015888
13741100
36315475
31612631
36230512
38908384
46637646
41650197
67338735
90640585
33990126
90464341
44464158
83647952
36969127
98386615
36637151
59581938
97935437
36356750
67752141
82941955
47219361
46196685
98711199
96092365
16260125
78686237
26474377
94160754
84044117
19490265
96790743
20359592
39991786
33021256
48156866
75518322
63560342
15495601
66158907
86439358
94848831
99511955
70087311
31817959
97898571
95613352
80288786
95834008
31970102
48040928
78775963
68078352
83126503
77487163
64170717
88275517
56173401
79533983
82436272
40217518
87913138
79227016
49466000
27904925
12248272
86511755
92312136
64697503
90896246
58471044
51136862
85745078
57982999
21224173
17563037
55881570
16837525
86740713
51715579
37696517
34781641
30491543
94663758
17908144
96867595
58834476
95072551
53040996
38368460
77508823
82147404
26281599
56735839
31613404
43075413
57873000
18125160
35387550
22570504
97910296
82747484
62596255
83655374
40730483
72709318
90107300
85500943
78435733
76848014
37216523
16132250
11629656
56596955
99684898
18426689
53464550
58519374
13499240
95394436
85776724
79896952
77541840
12058323
36632792
98044134
44022625
83394681
16169294
68299065
94854074
14079590
51046549
57450330
86623854
80665922
30159649
76731155
66166866
97484271
53579169
92272278
13616522
54097714
48869233
13301421
61413293
91222673
60709684
63801423
86617109
46486408
43698376
64158950
47433621
69220057
62203084
80345136
52614739
67261268
48644201
47468814
70229748
88579640
93808033
56853602
69245562
23967683
33584757
35412429
21451955
76052816
27684707
23957366
30150530
65442830
26147676
80452713
56665503
75746250
44254136
43282613
22232659
76841401
96330452
58555169
46061459
58533537
38900306
87565087
25794805
76433397
35033901
84913442
65013037
28841935
41767044
34258600
41698507
64240691
58559918
52039351
40293507
75133514
64885607
59332927
40576344
79922172
39785641
86130737
55668423
72928666
29413351
66789972
49770068
25743803
25345142
84720417
73166229
53134337
72285504
87849924
29567734
96208295
72763366
83469660
25050230
14530411
17728260
55637626
67659991
65177068
96565867
96842388
40310583
61451474
56175316
69775817
41373647
84849846
55906554
85930960
57778513
74208794
52720932
96437471
88841487
66954963
81157888
62007717
20089300
53443392
49857641
38545924
49651687
22621008
22015584
63590807
26040309
28632734
19228433
82589189
82698692
15794301
79431578
23009275
66134664
35606894
81673981
96397201
20456741
37580535
82328161
67124143
11789330
35049094
63561614
89519707
90892946
44719502
51527425
99871136
87051784
90273956
38417060
36703472
12894964
49321534
89183168
27824162
66843158
97300491
99302241
49541850
13094792
78733820
61440014
68118346
14340715
43113995
64515548
23686345
69583420
46843710
79699378
70261640
70781693
43260993
59781348
61674640
76869385
11308773
61545776
63921169
90471618
88851726
89513530
92255472
38173261
78696699
20079634
93905308
75997190
19381876
43447159
77980871
87004585
93776062
46099218
90234189
36890058
99503655
13920535
95362368
46347365
82508802
65624009
17129058
25769795
25405357
67692588
91528070
25603019
29238364
55449239
16074638
18090091
44962770
97218999
45152241
23659469
17298634
39057550
88545549
25569399
71393598
66526421
12573985
65169661
12625639
91697064
90948609
12129295
94506489
86310978
47365549
77015291
51934987
53383497
91673976
66229233
21076085
83202046
80721142
39203339
38651286
85684669
46182320
72502946
82903668
80223450
85051305
89091192
19281001
73596854
14660592
79563488
40123275
16123466
44733150
41637804
96709420
35681759
42655988
91215909
21992737
78910427
68231201
62816614
32293925
59905178
29045847
42258899
43107225
98655879
70351128
70647401
84340548
16533448
43150347
67244217
85645788
28201652
56335410
93815678
90687396
59884891
73379167
30810672
64897247
18112317
61337365
61606667
42682966
92882243
52822577
53564592
71792670
21053778
16381206
92975484
69847846
34315943
35234384
12955071
32971822
94474402
72491361
17312371
99896740
15641709
73445478
85542528
32732251
29780888
79358207
23419647
78554669
52737374
43119209
43451916
59738581
93345463
93947472
91310436
86227707
46770049
44875028
58020377
56712717
50145124
50995862
26560563
73349957
75119136
28404524
95210669
69593539
89784775
12523041
69490279
94315373
74857409
55032808
27047624
93527186
34391015
39356161
72081855
76017279
71364259
15533772
35755860
64709723
98370133
27066296
50937430
45140183
60830214
97846697
90741790
99864228
48842560
17302353
73214185
23961697
34595767
68424855
82444125
24380542
69836785
51934404
18695916
44694194
95856102
34632429
38221381
30247118
62877480
99192126
95153286
34241740
14725898
30909147
87840352
13096032
46864333
38777783
47125104
96583437
36624480
37866894
96447665
74355930
44058137
69661851
87206516
67542794
38086707
69650641
80812225
96812381
21585046
88397030
41506576
17441148
23029460
68616847
36577155
74795830
67808973
31730442
97926459
71423761
51528478
85766811
73408682
87281701
24544594
20533787
83865138
50057964
47289571
80312804
24413894
80236597
49974656
11620410
47779392
76950252
70159941
28591617
73762634
80633876
16988648
15269210
86963913
28906998
72774947
23541069
92591717
40583920
44160400
90518177
12007682
84577768
76284989
74305253
71859469
89718473
83727930
55724607
39776437
31017501
36037411
53079221
11254099
74900957
53588521
47922380
51851209
23748462
65402887
25613844
93271227
71280424
29771944
80235140
89076312
91435780
92665098
81668030
32019701
36825499
72186208
32916272
21403267
48471197
96110415
82151625
38189670
79838345
37876233
66854997
99744736
62802534
19934218
99887724
37703491
62411628
47810105
78443590
75048979
13212992
92946323
68320207
73382306
22718267
48555347
62458618
14154047
41220446
44126649
35062637
66934834
16312857
56867799
77226991
53672943
52978215
59378616
80751503
32816560
86143739
47606500
32561297
48946273
56429608
32449021
75538653
18841237
69148015
53982243
82779105
71249897
46928567
51099312
44632203
58535723
88543549
95979710
61578660
29763996
40106360
85530187
85587720
45308106
42397986
62814711
87869939
84265090
22193328
68621442
17081651
97225956
16227943
38531837
46172229
61546440
59869748
21710883
69276566
29017764
64582016
52055672
89156550
11510583
92043874
33788753
58935196
80587424
29768464
20513856
99240309
58763713
94932932
84828030
92960709
37330918
47642742
80830649
21596009
58724960
49452092
27566549
55950916
54568924
54987276
91012035
16115364
14857024
12722919
74280820
32763677
66193825
26336493
21920228
66593297
18380367
44597870
25528493
87856681
63255223
34931238
87096991
22018937
29864171
71925021
14979647
56083978
19567764
84699185
66568877
67181613
34151277
83024316
23132529
77609091
38011592
14144565
82613345
41757506
15756374
56894165
63410073
70839088
72119547
74219190
37432385
79388804
18817060
51849768
67245485
70961173
75669896
54342476
81869000
94422956
26267498
85737536
50506935
34724151
70436722
17075812
90794653
93476889
88989017
13927183
71085980
27000610
16960638
53699325
57647005
21605901
99482380
21057078
81333878
71601928
84165157
18766264
50990732
91871107
59504922
18236218
62832281
35174818
61467584
44701282
29597775
76623971
30438819
68993599
11348123
89764430
74958301
91031666
83241320
63947318
93847739
54327300
79836818
99697266
96915515
37483823
21303168
96397895
47429790
91525936
67999824
31594948
99181089
18990557
23466056
58686012
26115664
75187227
82749720
76472138
19888509
12347495
53096110
39216217
70229984
53333122
28980648
45188285
44364789
12221968
98024493
38212528
55438158
77861311
37909794
52353674
15345135
48101851
48751569
51663815
39627788
16751394
72147653
38808878
24630840
84502598
86383779
39635394
59689826
69133499
16107532
68467224
70369884
58092531
96572330
40599868
11425654
25552979
74677043
44679332
26663836
72701537
71780749
70990884
50562849
98579433
23344558
54796873
46681285
60985017
95349577
75197962
66625300
67497231
14006840
80145030
51999829
89279508
19780424
11689655
58413008
24776845
69045769
28782892
71758266
65618100
58271650
72072809
80059968
32948694
16752142
95612694
94539120
77421780
66603578
45101970
76001213
78837026
88787732
22682499
39822043
84137310
86769350
95336233
51634542
89665079
75481263
92523260
78944588
84150577
93101805
37357597
97816311
62147575
55029378
69574578
27765675
13301029
41647388
96714532
35138612
47288419
92327227
29677733
24710200
58930805
63668592
89600303
37767832
52456325
12282802
66478764
36593636
87941041
61814998
77117067
77606121
37296262
69640328
56550709
21446839
62742134
82797195
19263151
24889709
37826574
77726618
41544273
40016492
19374006
38258806
64043994
55551315
30586033
82610616
69150404
78405728
46279208
58750707
16173560
87624423
59922398
71541214
24218059
47863440
33356212
90224015
25469561
59541363
59864343
70909160
69877092
22606477
53706356
78029132
36385075
80421820
55755750
66818238
20438313
64018646
93965933
73371196
19569962
24551967
55981812
77609255
91846584
91149910
36359963
96909034
78774333
85171251
68450249
91881281
33034692
90695351
82105297
47393142
50236715
41969640
18302303
20113807
53465007
60897548
87031828
78738972
41319368
42787578
45557210
50646570
95695114
39523144
24017767
15265076
52964001
68888469
81763221
44810586
60038379
18123185
41719620
38812713
92183326
99058758
30693995
25218018
89754110
12799292
61500049
39990825
43657822
68691241
48993521
86011718
29588790
36025349
64750690
59797048
67701817
99196790
99332507
63396932
38719935
23350274
67550898
80572825
81127632
49314119
25383411
41166012
56326194
55991920
68867615
48509520
55050679
88450499
62616428
44804789
90138681
24116477
73684504
33796503
81696608
22678025
19808222
11285399
47592264
73447802
59971336
15294081
72644592
59303844
67579902
11364528
71543008
35130801
80826242
52670641
73333809
95098542
82725542
29660004
51090463
51593157
67058414
95030032
40043657
29674842
39834822
30182338
42680209
13519326
52867731
24376818
25086240
61564842
24551106
61567393
35012644
73411331
65750364
96546126
32715175
33330267
96799543
93147072
57349957
77625786
45817713
30683767
72724329
28543256
49232660
23814792
69025303
16291075
18844825
97957850
34854806
47568536
28140188
66423904
49976752
69896809
79689611
63951882
31461651
93129607
25519276
55363185
66540938
80158529
51909312
88145003
13488797
48708856
81292076
59727643
26334642
27109790
79300300
87947860
44541936
28532961
11762653
13567240
33712925
19496367
11525090
57456621
55953793
28554168
23880525
94819434
87339866
92459026
58771317
18801518
85588634
73179482
63053592
52129572
53338011
14962904
40274576
55715698
52560649
21566653
15443341
67784181
37565332
83632531
55732041
70996158
12165492
56383584
73452287
34767307
64768841
73866266
81112817
20722634
91309324
93882232
15542069
78649190
86341258
63202275
86339597
71929893
36381758
49393190
24059465
78608659
53244984
53222931
34324357
94694522
63678473
38656588
62478704
90132695
22289119
18210746
61128853
23343501
63483219
34581141
46999697
28252060
97336296
28112514
37863584
88645620
21994746
42294543
67294811
97224894
94385708
53634409
69154787
30767466
91916488
82103142
98265014
45161472
35326073
32589372
39855995
87893436
60134849
91223588
78026132
71312858
98323223
39154986
83545248
61806443
62625016
30544945
78947392
59961312
47546348
16810977
48606933
58429984
47994409
15901745
55654878
42380117
58425043
24809666
62036472
50341532
95801697
60301487
84391894
31127771
81779748
24247889
19021208
41914598
15471478
85936229
13227456
13794701
25091215
85661593
64490033
76605120
16206539
43437426
36566433
52641776
49137292
74062256
99960650
86020590
78852890
55615528
28400708
37277934
69314083
79326070
76508355
65115781
39627557
60900249
85132441
21407306
74037028
93042538
52210793
78397395
78978768
54327139
81080985
92958873
39988733
45571019
69563993
45084161
77897335
95019316
86614827
27034627
69081572
86575477
13055218
47934463
42191006
30344815
74101286
11505090
98559775
50609642
65509760
38187332
11509892
50642202
48483528
74435809
43684740
89583211
52833204
22663509
43910351
33914190
15622382
72787973
68374099
74075265
17872135
46271434
69094581
93375851
62194951
38176153
79951329
64139058
74999505
22142335
83372763
49100792
22536314
81932538
88599323
76934964
20119871
88998104
27577166
57492289
63433914
60150796
47075500
16267118
71703194
79874740
39070198
76214466
52662714
96333186
50289731
59423738
42604621
19384312
52799590
93688461
46449355
32750919
57827520
21448861
43782144
41200283
59438543
55207347
23132821
48037866
32142312
32141582
37035971
48608367
78522760
89358775
97648052
25598261
94514782
69351247
94361891
33584981
45565713
47024605
29918168
84744333
95337232
61411678
93017535
48136823
55100140
39466890
69776631
12927660
49804641
13558775
43016832
98132073
57655012
55038543
46169940
78686213
76069015
72094800
27294580
54591775
61453576
24942633
69078925
55968358
83182769
63440816
78442229
28748483
99354311
97249286
13492816
94691544
58660965
95399241
42828367
13761105
34866132
12604998
15577654
73559662
15052662
47483376
71691735
61596564
91410809
17861675
40282777
67479824
78845365
56466247
22071600
40298941
70297769
80039415
85156189
53480539
43480231
63598419
71117911
42834543
60847705
73499617
37526087
19508670
68898858
69243343
22158665
92653880
70737231
26625209
66213542
74678783
62997475
37905278
36275347
54408285
44655843
65447014
21888109

